# Created by Octave 4.2.1, Sat Jun 03 17:31:59 2017 CST <pl@pl>
# name: rand1000
# type: matrix
# rows: 1000
# columns: 1
 0.5300082737804308
 0.182563619923664
 0.5960440282523344
 0.9816760580133244
 0.4723800462960419
 0.7892802249486027
 0.7059407089042968
 0.644754918840728
 0.5914015235405011
 0.1270430930335993
 0.1236778812626584
 0.06074760575711462
 0.6721704940430571
 0.8304652054586918
 0.745150671549175
 0.5366979894971614
 0.7477011917081376
 0.1774505299678883
 0.1646046862536854
 0.7817280534049397
 0.4759382370015142
 0.5865957676191853
 0.9430674853229857
 0.6558857335983151
 0.03521934056493319
 0.6728504060051246
 0.6284383626096988
 0.5173123054843847
 0.8589403683578367
 0.4110692216338751
 0.1204347415127921
 0.9510048547110915
 0.9783549283920139
 0.6422223800983343
 0.6616625207528453
 0.365958696216169
 0.6313161730643099
 0.8712730007893303
 0.4998167369474635
 0.03118672662133464
 0.280300804759387
 0.01505339411666777
 0.8175902238892052
 0.9953508851764129
 0.617053025066822
 0.8152736408871964
 0.8572408048167078
 0.05309858180511189
 0.08523941302517939
 0.9945830456873238
 0.6211107419191745
 0.2727103131204858
 0.03340155331328891
 0.3356908017219465
 0.4077733758362382
 0.3495752375100233
 0.9650809827474373
 0.5783349656416672
 0.006851290494304596
 0.1479481559537157
 0.5252741859873469
 0.6880638353447595
 0.06174441768744281
 0.7712309496631016
 0.1352904908370451
 0.06501367430717868
 0.8846332000602029
 0.3352915032928814
 0.02720320653793722
 0.4162489254506547
 0.8578042481293758
 0.1167067898241999
 0.7701995958855155
 0.311854370698497
 0.5944350761746663
 0.8898796109939187
 0.3405662296537127
 0.6207574964722793
 0.267411671549361
 0.9390355328381351
 0.5101499145489937
 0.04661446713967603
 0.490173190102373
 0.5902222282787309
 0.0435952391447522
 0.2488662688579311
 0.2590453702818243
 0.1288880722819692
 0.7154787795892995
 0.3655145086938689
 0.7986085930130008
 0.6928545931821477
 0.9155181039617374
 0.5083057624608524
 0.8496584556215298
 0.962297362047226
 0.8857357737539394
 0.8974987445194007
 0.4729673207335098
 0.5581570281281909
 0.04993907040008254
 0.2386648688201089
 0.2787622986508547
 0.01794156846627153
 0.04125063844182091
 0.26373320062582
 0.5176208396842782
 0.2285718619702068
 0.3394424742277962
 0.5876683337159035
 0.3013423424840946
 0.5997609238824038
 0.1242702606513975
 0.5235203894988494
 0.3369959508113737
 0.8776533375149679
 0.7499666145550686
 0.5538111302218568
 0.7831543783624284
 0.0232808393144051
 0.05799644953314291
 0.9114990109448924
 0.5347918665104749
 0.4253619641120116
 0.0658359690613403
 0.1168308326152045
 0.6890760725027989
 0.2034602185309068
 0.1305527779088326
 0.742144880329821
 0.3374843524848221
 0.5959061995999654
 0.5322738579838655
 0.2008999931818419
 0.4183791006728504
 0.4294731714432703
 0.2775595885048707
 0.1357476061206987
 0.1766205850504984
 0.4230957197952884
 0.3295588369676571
 0.7220641665912187
 0.3944511183628072
 0.1188389911442678
 0.1937378305343386
 0.4642179271091229
 0.326401228817113
 0.7755947222090871
 0.7871012985231824
 0.3410111510761515
 0.79107907455986
 0.1440875666909785
 0.1345871160829884
 0.09186804037303901
 0.6561861219561403
 0.7032371792045057
 0.8482272942876065
 0.837028573402833
 0.5369137033817935
 0.782155487006043
 0.7945150461486237
 0.6939268161547684
 0.8121777108635142
 0.8323327596435964
 0.560970603578262
 0.6414345887520548
 0.5030211991808254
 0.8203565139053614
 0.8370451831240365
 0.9618719892678612
 0.06809190116857126
 0.3567879897925744
 0.3446308383459267
 0.7242832474461079
 0.6850117374336799
 0.36086894720366
 0.6223035549970434
 0.3006777961297444
 0.1619483189257923
 0.7791953145047429
 0.9600142404578278
 0.889458632469331
 0.02597523774085502
 0.564085576493313
 0.6297704309877968
 0.1979052483519001
 0.5610714551327375
 0.921742005972202
 0.04470482975862582
 0.1505118956160609
 0.6634054530428449
 0.05885972647411335
 0.7878773429051167
 0.7280590340004595
 0.4579299030453879
 0.1854896707942812
 0.4869803105931602
 0.1128697994286519
 0.2510871182764197
 0.4885512514173572
 0.3220220871018462
 0.431623417675738
 0.688209911647613
 0.5108056555070132
 0.6175448652275444
 0.8262848276142521
 0.4470268471797561
 0.4527503560628552
 0.697369098365066
 0.5992266537822135
 0.2401543297996258
 0.4855924316098766
 0.9488356205333476
 0.3969073608813583
 0.9945259164818854
 0.3070061518121308
 0.2446975126056657
 0.760158865132266
 0.3264880887723164
 0.1478321539340772
 0.7792870103901304
 0.2441183874497907
 0.4708148950844114
 0.6313759635367682
 0.1801639991655188
 0.5330641050185783
 0.4684387105677665
 0.2925178373638619
 0.3720929661514289
 0.7611472657649353
 0.7993164171415417
 0.7766342590383813
 0.9431436789810556
 0.8431890827547771
 0.4771084682341396
 0.9284129767443384
 0.02483995269585619
 0.02499064267843558
 0.7711302418825375
 0.2311781117817663
 0.5325917177474111
 0.2629646249646494
 0.9075247253748265
 0.006760690865289009
 0.9322215595756908
 0.203425120614172
 0.5515758597932254
 0.8662852387124049
 0.3055538542463764
 0.3912344778117647
 0.2900223638106251
 0.8980566622758458
 0.368161533279931
 0.807548410116276
 0.589251016734555
 0.5840309951587173
 0.3390168588814571
 0.3707438038110374
 0.4114349756256047
 0.2329492281451176
 0.09269926046868752
 0.4704939646196803
 0.01656637891418338
 0.3023490301469881
 0.5658403671892059
 0.8368507175334711
 0.2065753946479614
 0.4670878465022172
 0.1294489654249427
 0.4654398956726327
 0.4014831864669249
 0.9689351773397048
 0.7391675671378024
 0.2358712187801307
 0.9365168597236293
 0.1507263585217207
 0.2613033929562823
 0.3771072684033173
 0.02412610050631041
 0.4124080427983011
 0.06865964212814772
 0.4254025242063738
 0.8857306915489008
 0.8605400776221781
 0.3209435355480997
 0.7456881525709542
 0.3673236886462541
 0.1024564326114114
 0.4715788782872334
 0.6077450284803563
 0.04050482506682211
 0.7147659092057291
 0.9897173296825654
 0.8517574841881304
 0.5204123350322496
 0.004854334108620395
 0.7121219454337394
 0.8763409650098993
 0.801131926107171
 0.3675210284617844
 0.5784211879328122
 0.3024816489880949
 0.5268328805341231
 0.9325377356922537
 0.8207451550096276
 0.3392090339199633
 0.1574785555889345
 0.4594711329925149
 0.831330230610575
 0.01731352212251762
 0.3176293086405778
 0.2152573102593303
 0.4160145999189325
 0.4801723764369887
 0.002859052224856207
 0.2785985152482365
 0.04124080737110995
 0.8124336427672455
 0.259769869954815
 0.3095047753873429
 0.7202692093214706
 0.596442530087775
 0.09300963842194347
 0.1444595239883613
 0.443067167501661
 0.9543974377826189
 0.9943593221807805
 0.2034902411989627
 0.7046612501756406
 0.3471117171851999
 0.9215179126995889
 0.06482583380013944
 0.1812378772749754
 0.2457890219610314
 0.7245439687919524
 0.636530585129597
 0.9308378783436728
 0.7627387423993319
 0.8746313228609566
 0.5011942695792427
 0.9504724590040293
 0.02815043786827503
 0.8327876422691053
 0.2424526632460026
 0.3004412497246103
 0.4999963052450749
 0.9672536667356885
 0.8499304972638576
 0.8120549309450772
 0.900760094422006
 0.03601383014148167
 0.7599545679070273
 0.4142280794990287
 0.5961986877555814
 0.1091548770760368
 0.1770552854593715
 0.5776472517239194
 0.2760890594255499
 0.05557786316638084
 0.4278840435459161
 0.9921509823021919
 0.2320444392104937
 0.7526352492909723
 0.2931015870920859
 0.9483755938547368
 0.232700445441744
 0.2495909408432657
 0.1226508218997359
 0.6745326763870549
 0.2332357074578832
 0.9659767771482159
 0.1051152490429658
 0.2181823386343619
 0.9257956684779045
 0.3052084578819486
 0.96941172624564
 0.4897437745759251
 0.4201884358806618
 0.8458451420482596
 0.9285530074422248
 0.853623892927579
 0.03460664859646494
 0.2515439575874096
 0.8614893300131997
 0.860769448953019
 0.06216676397754732
 0.08599452831327285
 0.8354033477023828
 0.6760526185109252
 0.6425222402405666
 0.4885677244149244
 0.08014218125387855
 0.7570833572336885
